global ps
ps.linewidth = 1;
ps.linewidthSmall = 0.5;

ps.tueblue     = [0, 102, 204]/256;
ps.tuecyan     = [0, 162, 222]/256;
ps.tuedarkblue = [16,16, 116]/256;
ps.tuepink     = [214, 0, 123]/256;
ps.tuered      = [214, 0,  74]/256;
ps.tuewarmred  = [247, 49, 49]/256;

ps.tuegreen    = [0, 172, 130]/256;

% ps.green        = [0, 128, 0]/256;
ps.blue         = [0, 0, 256]/256;
% ps.red          = [256, 0, 0]/256;
ps.red = [0.85,0.16,0];
ps.green = [0,0.5,0];
ps.yellow = [0.75, 0.75, 0];
ps.cyan = [0.0, 0.75, 0.75];
ps.orange = [0.87, 0.49, 0];
ps.purple = [129,15,124]./256;

ps.list = {ps.tueblue,ps.tuecyan,ps.tuedarkblue,ps.tuegreen,ps.tuered,ps.tuewarmred};
ps.list2 = {ps.tueblue,ps.tuegreen,ps.tuered,ps.tuecyan,ps.tuepink,ps.tuewarmred};

ps.list3 = {ps.blue, ps.green, ps.red, ps.cyan, ps.orange, ps.yellow};

ps.list4 = {[228,26,28]./256,...
[55,126,184]./256,...
[77,175,74]./256,...
[152,78,163]./256,...
[255,127,0]./256,...
[255,255,51]./256,...
[166,86,40]./256,...
[247,129,191]./256,...
[153,153,153]./256};

% diverging list, light-dark pairs
ps.list_div = {[166,206,227]./256,ps.blue;...
    [178,223,138]./256,ps.green;...
    [251,154,153]./256,ps.red;...
    [202,178,214]./256,ps.purple;...
    [254,224,182]./256,ps.orange};

% diverging large list
ps.list_div_L = {[239,243,255]./256, [189,215,231]./256, [107,174,214]./256, [33,113,181]./256, [8,81,156]./256;...
    [237,248,233]./256, [186,228,179]./256, [116,196,118]./256, [35,139,69]./256, [0,109,44]./256;...
    [254,229,217]./256, [252,174,145]./256, [251,106,74]./256, [203,24,29]./256, [165,15,21]./256};

ps.list_div_XL = {[247,251,255]./255,[222,235,247]./255,[198,219,239]./255,[158,202,225]./255,[107,174,214]./255,[66,146,198]./255,[33,113,181]./255,[8,81,156]./255,[8,48,107]./255;...
    [247,252,245]./255,[229,245,224]./255,[199,233,192]./255,[161,217,155]./255,[116,196,118]./255,[65,171,93]./255,[35,139,69]./255,[0,109,44]./255,[0,68,27]./255;...
    [255,245,240]./255,[254,224,210]./255,[252,187,161]./255,[252,146,114]./255,[251,106,74]./255,[239,59,44]./255,[203,24,29]./255,[165,15,21]./255,[103,0,13]./255;...
    [252,251,253]./255,[239,237,245]./255,[218,218,235]./255,[188,189,220]./255,[158,154,200]./255,[128,125,186]./255,[106,81,163]./255,[84,39,143]./255,[63,0,125]./255;...
    [255,245,235]./255,[254,230,206]./255,[253,208,162]./255,[253,174,107]./255,[253,141,60]./255,[241,105,19]./255,[217,72,1]./255,[166,54,3]./255,[127,39,4]./255;...
    [255,255,255]./255,[240,240,240]./255,[217,217,217]./255,[189,189,189]./255,[150,150,150]./255,[115,115,115]./255,[82,82,82]./255,[37,37,37]./255,[0,0,0]};
