function out = gear_q1_q0(q0)

%     q0_sym = q0;
%     out = (((7736728060923213.*sin(q0_sym + 6815109287030999/9007199254740992))./(11211170565034730.*...
%         (6162113961120403./36028797018963968 - (7736728060923213.*cos(q0_sym + 6815109287030999/9007199254740992))./72057594037927936).^(1/2)) +...
%         (7736728060923213.*sin(q0_sym + 6815109287030999/9007199254740992).*((7736728060923213.*cos(q0_sym + 6815109287030999/9007199254740992))./72057594037927936 - ...
%         11042365117710595/288230376151711744))./(22422341130069460.*(6162113961120403/36028797018963968 - ...
%         (7736728060923213.*cos(q0_sym + 6815109287030999/9007199254740992))./72057594037927936).^(3/2)))./((1298074214633706907132624082305024.*...
%         ((7736728060923213.*cos(q0_sym + 6815109287030999/9007199254740992))./72057594037927936 - 11042365117710595/288230376151711744)^2)./...
%         ((243108005634909111158228660753300402148050381925.*cos(q0_sym + 6815109287030999/9007199254740992))./72057594037927936 - ...
%         193629558100850414382242259986575819594608919675/36028797018963968) + 1).^(1/2) + ((2578909353641071.*sin(q0_sym + 6815109287030999./9007199254740992))./...
%         (18733912648045000*(6162113961120403/36028797018963968 - (7736728060923213*cos(q0_sym + 6815109287030999/9007199254740992))/72057594037927936)^(1/2)) + (2578909353641071*sin(q0_sym + 6815109287030999/9007199254740992)*((7736728060923213*cos(q0_sym + 6815109287030999/9007199254740992))/72057594037927936 - 5479358890123811/18014398509481984))/(37467825296090000*(6162113961120403/36028797018963968 - (7736728060923213*cos(q0_sym + 6815109287030999/9007199254740992))/72057594037927936)^(3/2)))/((81129638414606681695789005144064*((7736728060923213.*cos(q0_sym + 6815109287030999./9007199254740992))./72057594037927936 - 5479358890123811/18014398509481984).^2)./((381835980166262855412706937633658620203076953125.*cos(q0_sym + 6815109287030999/9007199254740992))./72057594037927936 - 304122983994328391533509384643067633031010546875/36028797018963968) + 1).^(1/2);
   x = q0;
   
   p1 =       11.68;  
   p2 =      -24.33;
   p3 =       20.18; 
   p4 =      -7.847; 
   p5 =       2.957; 
   out =  p1.*x.^4 + p2.*x.^3 + p3.*x.^2 + p4.*x + p5;


end
